0
71
153
194
280
323
408
460
531
599
664
719
781
856
907
968
1049
1096
1154
1235
1283
1375
1425
1485
1548
1602
1689
1732
1812
1884
1946
1994
2053
2121
2193
2244
2314
2395
2457
2519
2561
2643
2701
2773
2841
2907
2956
3025
3072
3148
3206
3277
3359
3393
3481
3542
3593
3649
3715
3806
3840
3908
3994
4043
4105
4190
4246
4290
4367
4447
4487
4558
4626
4672
4760
4823
4884
4935
5022
5057
5129
5211
5269
5318
5404
5454
5514
5587
5636
5702
5775
5833
5896
5967
6040
6095
6160
6231
6297
6362
6423
6476
6530
6604
6687
6733
6801
6865
6942
6992
7049
7127
7179
7247
7314
7372
7432
7518
7579
7631
7697
7744
7831
7891
7956
8017
8084
8136
8203
8275
8339
8411
8473
8537
8598
8641
8725
8776
8860
8920
8974
9048
9114
9160
9244
9298
9345
9433
9487
9541
9617
9669
9750
9816
9866
9928
10011
10053
10138
10205
10246
10307
10397
10440
10505
10591
10637
10717
10782
10822
10883
10952
11011
11091
11136
11211
11289
11353
11410
11469
11521
11603
11669
11739
11779
11843
11929
11972
12058
12126
12176
12237
12305
12366
12416
12492
12549
12619
12694
12764
12808
12877
12937
12998
13079
13128
13202
13261
13330
13406
13464
13524
13584
13640
13718
13780
13839
13893
13954
14017
14104
14172
14212
14280
14348
14425
14474
14538
14617
14672
14731
14795
14862
14943
14987
15054
15105
15188
15243
15301
15388
15447
15513
15565
15646
15688
15754
15832
15900
15944
16010
16075
16155
16208
16269
16336
16390
16475
16527
16602
16671
16715
16770
16846
16908
16985
17055
17100
17161
17246
17297
17349
17415
17481
17536
17605
17671
17756
17800
17883
17944
18010
18067
18142
18190
18271
18330
18385
18444
18514
18568
18636
18711
18768
18819
18888
18965
19013
19087
19142
19229
19295
19357
19417
19483
19525
19598
19672
19734
19790
19847
19920
19991
20047
20103
20171
20232
20293
20374
20423
20485
20549
20611
20695
20766
20820
20871
20959
21020
21057
21138
21207
21272
21334
21385
21449
21515
21591
21644
21706
21775
21839
21897
21978
22029
22091
22166
22237
22293
22360
22407
22464
22530
22607
22679
22747
22811
22854
22926
23007
23045
23135
23176
23243
23327
23372
23433
23488
23562
23640
23707
23751
23826
23878
23940
24020
24065
24147
24201
24265
24341
24388
24462
24535
24590
24651
24705
24796
24843
24903
24982
25024
25092
25174
25231
25299
25365
25417
25480
25565
25605
25687
25747
25804
25862
25927
26009
26079
26116
26195
26260
26308
26380
26458
26517
26588
26629
26696
26760
26821
26897
26967
27012
27095
27146
27201
27290
27356
27417
27476
27548
27594
27663
27716
27800
27852
27921
27978
28045
28125
28177
28250
28303
28353
28419
28495
28563
28623
28677
28754
28801
28886
28934
29000
29060
29134
29202
29265
29327
29377
29442
29522
29570
29640
29722
29776
29832
29900
29978
30027
30095
30167
30232
30294
30341
30416
30471
30547
30597
30657
30748
30808
30859
30924
30983
31043
31123
31186
31246
31319
31373
31424
31515
31580
31638
31707
31745
31810
31892
31952
32015
32089
32152
32216
32282
32346
32408
32473
32520
32591
32641
32729
32794
32852
32904
32991
33032
33094
33175
33242
33308
33344
33416
33489
33539
33630
33665
33744
33792
33874
33947
33997
34069
34124
34205
34242
34315
34381
34450
34520
34580
34655
34714
34765
34845
34890
34973
35010
35102
35151
35215
35289
35338
35395
35483
35529
35600
35656
35715
35795
35859
35928
35975
36058
36100
36184
36241
36295
36363
36438
36482
36547
36628
36674
36756
36801
36892
36935
36992
37062
37140
37196
37248
37334
37385
37452
37504
37599
37641
37709
37761
37843
37915
37960
38046
38102
38153
38209
38272
38367
38430
38493
38528
38622
38663
38745
38788
38860
38918
38991
39059
39121
39193
39237
39296
39365
39427
39496
39575
39632
39705
39751
39821
39874
39952
40002
40080
40155
40193
40264
40337
40414
40449
40528
40591
40661
40704
40771
40833
40926
40971
41040
41097
41162
41226
41302
41351
41426
41496
41559
41613
41673
41741
41807
41868
41920
41995
42076
42114
42182
42265
42319
42399
42451
42518
42571
42632
42716
42768
42846
42908
42946
43039
43102
43141
43204
43281
43342
43400
43459
43549
43593
43668
43712
43780
43847
43916
43997
44058
44098
44181
44243
44303
44369
44434
44506
44546
44633
44684
44762
44827
44880
44928
45020
45061
45130
45199
45269
45339
45381
45464
45510
45597
45644
45718
45787
45824
45916
45967
46029
46108
46163
46224
46272
46351
46414
46489
46533
46618
46680
46738
46799
46856
46940
46987
47060
47114
47168
47232
47327
47391
47448
47505
47557
47645
47684
47759
47831
47895
47955
48018
48076
48133
48197
48274
48346
48384
48450
48513
48594
48656
48715
48798
48835
48912
48986
49033
49107
49176
49243
49300
49361
49432
49487
49545
49600
49680
49728
49818
49871
49950
50012
50055
50119
50203
50261
50310
50387
50438
50506
50583
50654
50702
50752
50843
50885
50951
51022
51081
51164
51229
51279
51353
51398
51464
51534
51587
51656
51742
51786
51863
51914
51998
52059
52102
52161
52228
52299
52367
52442
52503
52574
52609
52684
52755
52822
52870
52937
52995
53082
53146
53206
53259
53337
53382
53444
53527
53574
53657
53705
53771
53842
53919
53961
54033
54085
54168
54227
54280
54355
54426
54487
54529
54607
54667
54740
54798
54879
54929
54995
55052
55104
55191
55245
55325
55369
55437
55504
55559
55630
55699
55760
55813
55885
55959
56024
56083
56158
56221
56281
56334
56396
56457
56541
56602
56649
56718
56787
56839
56927
56982
57043
57116
57155
57237
57292
57363
57431
57474
57538
57618
57686
57737
57792
57887
57930
58000
58068
58136
58176
58249
58323
58381
58463
58497
58568
58653
58695
58760
58834
58885
58949
59036
59090
59158
59217
59273
59347
59393
59486
59549
59592
59658
59739
59789
59851
59928
59975
60062
60110
60174
60231
60309
60379
60422
60503
60567
60610
60686
60764
60802
60873
60955
61004
61087
61149
61210
61279
61323
61395
61442
61505
61594
61645
61696
61773
61825
61914
61980
62028
62111
62173
62225
62289
62355
62415
62478
62529
62599
62681
62737
62790
62857
62940
62992
63045
63124
63185
63242
63317
63367
63451
63502
63576
63644
63683
63751
63808
63886
63963
64010
64091
64145
64221
64262
64322
64392
64466
64529
64580
64653
64712
64771
64847
64907
64987
65037
65114
65159
65235
65311
65361
65419
65483
