0
3
4
6
8
11
13
14
17
19
20
23
25
27
28
31
32
35
37
39
41
42
44
47
49
51
53
54
56
58
61
62
64
67
68
71
73
75
76
78
81
82
85
87
88
90
93
94
96
99
100
103
104
106
109
110
113
115
116
119
120
123
124
126
128
130
133
134
137
138
141
143
145
146
149
150
152
155
157
158
160
162
164
166
168
170
172
174
176
179
181
183
185
187
189
190
192
195
196
199
200
203
204
207
209
211
213
214
217
219
221
222
224
227
229
231
232
234
237
239
241
243
244
246
248
251
252
255
257
259
260
263
264
267
268
271
273
274
277
278
280
282
285
287
289
291
293
295
297
298
300
302
304
306
309
310
313
314
316
319
320
323
325
326
329
330
333
334
336
338
341
342
344
346
348
351
352
354
356
359
361
362
365
367
369
371
373
375
377
378
380
383
384
387
389
390
392
394
396
399
400
402
405
407
408
411
413
414
417
419
420
422
425
426
429
431
433
434
436
439
441
443
445
446
449
451
452
455
457
458
460
463
464
467
469
471
473
474
476
479
481
482
485
487
488
490
492
494
497
499
501
502
505
507
509
510
513
514
517
519
521
523
524
527
529
531
532
534
537
538
541
542
545
547
548
550
553
554
556
558
561
562
564
566
569
571
572
574
577
579
580
582
585
587
588
590
593
594
596
599
601
603
605
606
609
611
613
615
617
618
620
623
624
626
629
631
632
634
637
639
640
643
645
646
649
651
653
655
657
658
660
662
665
667
668
671
672
675
676
679
680
683
684
687
688
690
693
694
697
698
700
702
705
706
708
711
712
715
716
719
721
723
724
727
728
731
733
735
737
739
740
742
745
746
748
751
753
754
756
759
760
762
765
767
768
770
773
774
776
778
780
782
784
787
789
791
793
794
797
799
800
803
804
807
808
811
812
815
816
818
820
822
824
826
829
831
832
835
837
839
841
843
844
846
848
850
852
854
857
858
861
863
865
867
868
870
873
874
876
878
880
883
885
886
889
890
893
894
897
898
901
902
905
907
909
910
913
914
916
919
920
922
925
927
929
931
932
934
936
938
940
943
945
946
948
951
953
954
957
959
960
962
964
967
968
970
973
975
977
979
981
982
985
986
988
991
992
995
997
999
1000
1003
1004
1007
1008
1010
1013
1015
1016
1019
1020
1022
1025
1026
1028
1031
1033
1034
1036
1038
1040
1042
1045
1047
1049
1051
1052
1054
1057
1058
1060
1063
1064
1067
1069
1071
1072
1074
1076
1078
1081
1082
1085
1086
1088
1090
1092
1095
1096
1098
1101
1102
1104
1107
1108
1110
1112
1114
1116
1118
1121
1123
1125
1127
1129
1131
1133
1135
1136
1138
1141
1142
1145
1146
1148
1150
1152
1154
1157
1159
1161
1162
1164
1166
1168
1171
1173
1174
1177
1178
1181
1183
1184
1186
1188
1191
1192
1195
1196
1199
1201
1202
1205
1207
1209
1210
1213
1215
1217
1218
1220
1223
1225
1227
1229
1230
1233
1234
1236
1239
1240
1242
1244
1246
1249
1251
1253
1255
1256
1258
1261
1262
1264
1266
1269
1270
1272
1274
1276
1279
1280
1282
1285
1287
1289
1290
1293
1294
1297
1299
1300
1302
1305
1307
1308
1311
1313
1314
1316
1318
1321
1323
1325
1327
1328
1331
1333
1335
1337
1339
1341
1342
1345
1346
1348
1351
1353
1354
1356
1358
1360
1363
1364
1366
1369
1370
1373
1374
1377
1379
1380
1383
1385
1386
1388
1391
1393
1394
1397
1398
1400
1402
1405
1407
1408
1410
1413
1414
1416
1418
1420
1423
1425
1427
1429
1431
1433
1435
1436
1439
1441
1443
1444
1447
1448
1451
1453
1455
1457
1459
1460
1462
1465
1466
1469
1471
1473
1474
1476
1478
1480
1482
1485
1487
1488
1491
1493
1494
1496
1499
1500
1503
1504
1506
1509
1511
1512
1515
1517
1519
1520
1523
1524
1527
1529
1531
1533
1534
1537
1538
1540
1543
1544
1547
1548
1551
1553
1555
1557
1558
1560
1563
1564
1566
1568
1570
1573
1575
1577
1579
1580
1583
1584
1587
1589
1590
1593
1595
1597
1598
1600
1603
1605
1606
1608
1611
1613
1614
1617
1619
1620
1623
1625
1627
1629
1631
1633
1634
1636
1639
1641
1643
1644
1646
1649
1651
1652
1654
1656
1658
1660
1662
1665
1667
1668
1671
1673
1674
1676
1679
1681
1683
1685
1687
1689
1690
1692
1695
1696
1698
1701
1703
1705
1706
1708
1710
1713
1715
1717
1719
1720
1722
1725
1726
1729
1730
1732
1734
1736
1738
1741
1742
1745
1747
1748
1750
1753
1755
1757
1759
1761
1763
1765
1766
1768
1770
1773
1775
1777
1779
1780
1782
1785
1786
1788
1790
1793
1794
1796
1799
1800
1802
1804
1806
1809
1810
1812
1815
1816
1819
1820
1823
1825
1827
1829
1830
1832
1834
1836
1839
1840
1842
1844
1846
1849
1850
1853
1854
1856
1859
1860
1862
1864
1867
1869
1871
1872
1875
1877
1878
1880
1883
1885
1886
1888
1891
1893
1894
1896
1899
1900
1902
1904
1906
1909
1910
1912
1914
1916
1918
1920
1922
1924
1927
1928
1931
1932
1934
1937
1938
1940
1943
1944
1947
1949
1951
1952
1955
1957
1959
1961
1962
1965
1967
1969
1970
1972
1974
1977
1978
1980
1983
1985
1986
1989
1991
1993
1994
1997
1999
2000
2003
2004
2006
2008
2010
2013
2014
2017
2018
2021
2022
2024
2027
2029
2030
2033
2034
2036
2038
2040
2042
2045
2046
2049
2050
2053
2054
2056
2059
2060
2063
2064
2067
2069
2071
2073
2075
2076
2079
2080
2083
2085
2086
2089
2091
2093
2095
2097
2099
2100
2102
2105
2107
2108
2111
2112
2114
2117
2118
2121
2123
2125
2126
2129
2130
2133
2134
2137
2138
2140
2142
2144
2146
2148
2151
2153
2155
2157
2158
2161
2162
2164
2166
2168
2171
2172
2175
2177
2179
2180
2183
2184
2186
2188
2191
2193
2194
2196
2199
2201
2203
2204
2207
2209
2210
2212
2215
2216
2218
2221
2223
2225
2226
2228
2231
2232
2234
2236
2238
2240
2243
2244
2246
2248
2250
2252
2255
2256
2258
2261
2263
2265
2266
2268
2271
2272
2274
2276
2278
2281
2283
2285
2287
2289
2291
2293
2294
2297
2299
2301
2303
2304
2306
2309
2311
2312
2315
2317
2319
2320
2322
2324
2326
2329
2331
2333
2335
2336
2339
2341
2342
2345
2346
2348
2351
2352
2354
2356
2358
2361
2363
2364
2367
2368
2371
2372
2374
2377
2378
2381
2383
2384
2387
2389
2390
2393
2394
2397
2398
2401
2402
2404
2407
2408
2411
2413
2415
2417
2418
2420
2423
2424
2427
2428
2431
2432
2434
2437
2439
2441
2443
2444
2446
2449
2451
2452
2455
2457
2459
2460
2463
2464
2466
2469
2470
2473
2474
2477
2479
2481
2483
2485
2486
2488
2491
2492
2495
2496
2499
2500
2503
2504
2506
2508
2510
2513
2515
2517
2519
2521
2522
2525
2527
2529
2530
2532
2535
2536
2539
2540
2543
2545
2546
2549
2551
2553
2554
2557
2558
2561
2562
2564
2566
2569
2571
2572
2575
2577
2579
2580
2582
2585
2587
2588
2591
2592
2594
2597
2598
2600
2603
2605
2607
2609
2610
2612
2615
2617
2619
2620
2622
2625
2627
2628
2630
2633
2635
2637
2639
2641
2643
2645
2647
2648
2651
2653
2654
2656
2658
2660
2663
2665
2667
2668
2670
2672
2674
2677
2678
2680
2682
2684
2686
2688
2690
2692
2695
2696
2699
2701
2703
2704
2707
2709
2711
2712
2715
2716
2719
2721
2723
2724
2727
2728
2730
2733
2735
2737
2738
2740
2743
2744
2746
2749
2750
2752
2754
2756
2759
2761
2762
2765
2767
2768
2771
2773
2774
2777
2779
2781
2782
2784
2786
2788
2791
2793
2795
2796
2798
2800
2802
2804
2806
2808
2810
2813
2814
2817
2819
2820
2823
2824
2826
2829
2830
2833
2835
2837
2839
2841
2842
2844
2847
2849
2851
2852
2854
2857
2858
2861
2863
2864
2866
2868
2870
2873
2875
2877
2878
2881
2882
2885
2887
2889
2891
2892
2894
2896
2899
2901
2902
2904
2906
2908
2911
2912
2914
2916
2919
2920
2922
2925
2927
2929
2931
2932
2935
2937
2939
2941
2943
2944
2946
2948
2951
2953
2955
2957
2958
2961
2962
2965
2966
2968
2970
2973
2975
2977
2979
2980
2982
2985
2987
2988
2991
2992
2994
2997
2998
3001
3003
3005
3007
3009
3011
3012
3015
3017
3018
3020
3022
3025
3026
3029
3030
3033
3034
3036
3039
3040
3042
3045
3046
3048
3050
3052
3054
3057
3058
3061
3062
3065
3066
3068
3071
3073
3074
3077
3079
3081
3083
3084
3086
3088
3091
3093
3094
3097
3099
3101
3103
3105
3107
3109
3110
3113
3115
3116
3119
3120
3123
3124
3126
3128
3131
3133
3135
3136
3139
3141
3142
3144
3147
3148
3151
3153
3154
3156
3158
3160
3162
3165
3167
3169
3171
3172
3174
3176
3178
3181
3183
3184
3187
3189
3191
3193
3194
3197
3198
3200
3203
3204
3207
3209
3211
3212
3215
3217
3218
3220
3223
3225
3227
3229
3231
3233
3234
3236
3239
3241
3243
3245
3246
3249
3250
3252
3255
3256
3258
3261
3262
3265
3267
3268
3271
3273
3275
3277
3279
3281
3282
3284
3286
3289
3290
3293
3294
3297
3298
3300
3302
3305
3306
3309
3311
3312
3314
3316
3318
3321
3323
3324
3327
3328
3330
3333
3334
3337
3338
3341
3343
3344
3346
3348
3351
3353
3354
3357
3358
3361
3363
3364
3367
3368
3371
3372
3375
3377
3379
3380
3382
3385
3387
3388
3390
3392
3394
3396
3398
3400
3402
3405
3406
3409
3411
3413
3415
3416
3418
3420
3422
3424
3427
3428
3430
3432
3434
3437
3438
3441
3442
3444
3447
3448
3450
3452
3454
3457
3459
3461
3462
3465
3467
3468
3471
3472
3474
3477
3479
3480
3483
3484
3487
3488
3490
3492
3495
3497
3498
3500
3502
3505
3506
3508
3511
3513
3515
3517
3519
3521
3522
3524
3527
3529
3530
3533
3534
3536
3538
3541
3543
3545
3547
3549
3551
3552
3554
3556
3558
3561
3563
3564
3567
3569
3570
3573
3574
3576
3579
3580
3582
3585
3587
3588
3590
3593
3594
3597
3599
3601
3602
3605
3606
3608
3610
3613
3614
3617
3619
3620
3622
3625
3627
3629
3631
3632
3635
3637
3639
3641
3642
3644
3647
3648
3650
3652
3655
3657
3659
3661
3663
3664
3667
3669
3671
3673
3675
3677
3678
3680
3683
3684
3686
3688
3691
3692
3695
3697
3699
3700
3702
3704
3707
3709
3711
3712
3715
3717
3718
3721
3722
3724
3727
3728
3730
3732
3734
3736
3738
3740
3743
3745
3746
3749
3750
3752
3754
3756
3759
3761
3763
3764
3767
3769
3771
3772
3775
3776
3778
3781
3783
3785
3787
3788
3790
3793
3795
3797
3799
3801
3802
3805
3807
3809
3811
3813
3815
3816
3819
3821
3822
3825
3827
3828
3830
3832
3834
3836
3838
3841
3843
3844
3847
3848
3851
3853
3855
3856
3858
3861
3863
3865
3866
3869
3871
3872
3875
3876
3879
3880
3882
3885
3887
3888
3891
3892
3894
3896
3899
3900
3903
3904
3906
3908
3910
3913
3914
3917
3919
3921
3922
3924
3926
3929
3930
3933
3935
3936
3939
3940
3942
3945
3947
3949
3951
3952
3955
3956
3959
3960
3962
3965
3966
3968
3970
3973
3975
3976
3979
3981
3982
3985
3986
3988
3990
3992
3994
3997
3998
4000
4002
4004
4006
4009
4010
4013
4015
4016
4018
4020
4022
4025
4027
4029
4030
4033
4034
4037
4039
4040
4043
4045
4046
4049
4051
4052
4055
4057
4058
4061
4062
4065
4066
4069
4070
4072
4075
4077
4079
4080
4082
4084
4087
4088
4091
4093
4094
4097
4099
4101
4103
4104
4106
4109
4111
4113
4115
4117
4118
4120
4123
4124
4127
4128
4130
4133
4134
4136
4138
4140
4142
4145
4147
4149
4150
4152
4155
4157
4159
4160
4163
4165
4167
4168
4170
4172
4175
4177
4178
4180
4183
4185
4187
4188
4191
4193
4194
4197
4199
4200
4202
4205
4207
4208
4211
4212
4214
4216
4218
4220
4223
4224
4227
4229
4230
4232
4235
4237
4239
4240
4243
4244
4247
4249
4251
4253
4254
4257
4258
4260
4263
4265
4266
4269
4270
4273
4274
4276
4278
4281
4282
4285
4286
4289
4290
4292
4294
4297
4299
4300
4303
4305
4307
4309
4310
4313
4314
4317
4319
4321
4323
4324
4326
4329
4330
4333
4334
4336
4339
4340
4342
4345
4347
4349
4350
4352
4354
4357
4358
4361
4362
4365
4367
4368
4370
4373
4375
4377
4379
4381
4383
4385
4387
4389
4391
4393
4394
4396
4399
4400
4402
4404
4406
4408
4411
4412
4414
4416
4419
4421
4423
4425
4426
4428
4431
4432
4435
4436
4438
4440
4443
4445
4446
4448
4450
4453
4455
4457
4458
4460
4463
4465
4467
4469
4470
4473
4474
4477
4479
4480
4483
4485
4487
4489
4491
4492
4495
4496
4498
4500
4502
4505
4507
4508
4510
4512
4515
4516
4518
4520
4522
4525
4527
4529
4531
4533
4535
4537
4539
4541
4542
4545
4546
4549
4550
4553
4555
4557
4558
4560
4562
4564
4567
4568
4570
4572
4574
4576
4579
4580
4582
4585
4586
4589
4590
4592
4594
4596
4598
4600
4603
4605
4606
4608
4611
4613
4614
4616
4618
4620
4622
4625
4627
4629
4631
4633
4634
4636
4639
4640
4643
4645
4646
4648
4651
4652
4655
4656
4658
4661
4662
4665
4667
4669
4671
4672
4674
4677
4679
4681
4682
4685
4686
4689
4690
4693
4694
4696
4698
4701
4703
4704
4706
4709
4710
4712
4714
4716
4718
4720
4723
4724
4726
4728
4731
4733
4734
4736
4738
4741
4743
4744
4746
4748
4751
4753
4754
4756
4758
4761
4763
4765
4766
4768
4770
4772
4775
4776
4779
4781
4782
4784
4787
4789
4791
4793
4794
4797
4798
4801
4802
4805
4806
4808
4811
4813
4815
4817
4818
4820
4822
4824
4827
4829
4831
4833
4834
4836
4839
4840
4842
4845
4846
4848
4851
4853
4854
4856
4859
4861
4862
4865
4866
4869
4870
4873
4875
4877
4879
4880
4883
4884
4886
4889
4891
4892
4894
4897
4898
4901
4902
4904
4906
4909
4911
4912
4915
4917
4919
4920
4922
4925
4926
4929
4931
4932
4935
4936
4939
4941
4942
4945
4946
4949
4951
4953
4955
4956
4959
4960
4962
4964
4966
4968
4970
4972
4975
4976
4978
4980
4982
4985
4986
4989
4991
4993
4995
4997
4999
5001
5002
5005
5007
5008
5011
5013
5015
5016
5018
5020
5022
5024
5026
5029
5031
5033
5035
5037
5038
5041
5043
5044
5046
5048
5051
5053
5054
5057
5058
5061
5062
5065
5066
5069
5070
5072
5074
5076
5078
5081
5083
5085
5086
5089
5090
5093
5094
5097
5098
5101
5102
5105
5106
5108
5111
5113
5114
5117
5119
5120
5122
5125
5127
5129
5131
5133
5135
5136
5139
5140
5143
5145
5147
5149
5150
5153
5154
5157
5158
5161
5162
5164
5167
5168
5170
5172
5175
5176
5179
5180
5182
5185
5187
5189
5191
5192
5194
5196
5198
5201
5203
5205
5206
5208
5210
5212
5215
5217
5219
5221
5222
5224
5226
5229
5231
5232
5234
5236
5238
5241
5243
5244
5247
5248
5250
5253
5254
5256
5258
5261
5263
5264
5266
5269
5270
5273
5274
5277
5279
5280
5283
5285
5286
5288
5290
5292
5294
5297
5298
5301
5302
5305
5307
5308
5310
5313
5315
5317
5318
5321
5323
5324
5326
5328
5331
5333
5334
5336
5338
5341
5342
5344
5346
5349
5350
5352
5354
5356
5358
5360
5362
5365
5366
5368
5371
5372
5374
5376
5379
5381
5382
5385
5386
5388
5390
5392
5395
5397
5398
5400
5403
5405
5407
5409
5410
5413
5415
5417
5418
5420
5422
5424
5426
5429
5431
5432
5434
5436
5438
5441
5443
5444
5447
5448
5450
5453
5454
5457
5459
5461
5463
5465
5467
5469
5470
5472
5475
5477
5478
5480
5483
5485
5487
5488
5490
5493
5495
5497
5498
5500
5503
5505
5507
5509
5510
5512
5515
5516
5518
5521
5522
5525
5526
5529
5530
5533
5535
5536
5539
5541
5543
5544
5546
5548
5550
5553
5555
5557
5558
5561
5562
5564
5566
5568
5571
5573
5575
5576
5578
5580
5582
5585
5586
5588
5590
5593
5595
5597
5598
5601
5602
5604
5606
5609
5610
5613
5614
5616
5619
5620
5622
5624
5627
5628
5630
5633
5635
5637
5639
5641
5643
5645
5647
5649
5651
5653
5654
5656
5658
5661
5662
5664
5666
5668
5671
5672
5675
5676
5678
5680
5682
5684
5687
5689
5690
5692
5695
5697
5698
5701
5703
5705
5707
5708
5710
5713
5715
5716
5719
5721
5722
5724
5726
5729
5730
5732
5734
5736
5739
5740
5742
5745
5746
5748
5750
5753
5754
5757
5759
5761
5763
5765
5766
5769
5770
5773
5775
5777
5778
5780
5782
5785
5786
5789
5791
5793
5794
5797
5799
5800
5802
5805
5807
5808
5811
5812
5814
5817
5818
5820
5822
5825
5826
5829
5830
5832
5834
5837
5838
5840
5842
5844
5847
5849
5850
5852
5855
5856
5859
5860
5863
5865
5867
5868
5870
5872
5875
5876
5878
5881
5882
5885
5887
5888
5890
5893
5894
5896
5898
5901
5902
5904
5906
5908
5910
5912
5914
5916
5918
5921
5922
5925
5926
5929
5931
5933
5935
5936
5939
5941
5942
5945
5947
5948
5951
5953
5955
5957
5958
5960
5963
5964
5967
5969
5971
5973
5974
5976
5979
5980
5982
5985
5987
5989
5991
5992
5994
5997
5998
6000
6003
6005
6006
6009
6011
6013
6014
6017
6018
6021
6023
6025
6026
6028
6030
6032
6035
6037
6039
6040
6043
6045
6047
6048
6050
6053
6054
6057
6058
6061
6062
6064
6067
6069
6071
6073
6074
6077
6079
6081
6082
6084
6086
6089
6091
6092
6094
6096
6099
6100
6103
6104
6107
6108
6110
6113
6114
6116
6119
6121
6122
6125
6127
6128
6130
6133
6135
6136
6139
6140
6142
6145
6146
6149
6150
6152
6155
6157
6159
6161
6162
6165
6166
6169
6170
6172
6175
6176
6179
6181
6183
6184
6186
6189
6191
6192
6194
6197
6199
6201
6202
6205
6206
6209
6210
6212
6215
6217
6219
6220
6223
6224
6226
6228
6231
6232
6234
6236
6239
6241
6243
6245
6246
6249
6251
6252
6255
6257
6259
6261
6262
6264
6266
6269
6271
6272
6275
6276
6278
6280
6282
6285
6287
6289
6290
6293
6294
6297
6299
6300
6302
6304
6307
6308
6310
6313
6315
6316
6319
6320
6322
6324
6327
6328
6330
6333
6335
6337
6338
6340
6343
6344
6347
6349
6350
6353
6354
6357
6358
6361
6362
6365
6366
6368
6371
6373
6375
6377
6379
6380
6382
6384
6387
6388
6391
6393
6394
6396
6399
6400
6402
6404
6406
6408
6411
6413
6415
6417
6419
6421
6422
6425
6426
6428
6431
6432
6434
6436
6439
6441
6443
6444
6446
6449
6451
6452
6455
6456
6459
6460
6462
6465
6466
6468
6471
6473
6475
6476
6479
6480
6482
6484
6486
6488
6491
6493
6494
6496
6499
6501
6502
6505
6507
6508
6511
6513
6515
6516
6518
6520
6522
6525
6527
6528
6531
6532
6534
6537
6539
6541
6543
6544
6546
6548
6550
6553
6555
6557
6558
6560
6563
6565
6566
6569
6570
6573
6575
6577
6578
6581
6583
6584
6587
6588
6590
6592
6595
6597
6599
6601
6603
6605
6606
6608
6610
6613
6614
6616
6618
6621
6623
6624
6627
6628
6630
6632
6634
6637
6638
6640
6642
6645
6646
6649
6650
6653
6655
6657
6659
6661
6662
6665
6666
6668
6670
6672
6675
6676
6679
6680
6683
6684
6687
6689
6690
6692
6695
6696
6699
6700
6703
6705
6706
6709
6711
6712
6714
6717
6718
6720
6723
6725
6727
6728
6730
6733
6735
6737
6739
6740
6743
6745
6746
6748
6751
6752
6755
6757
6758
6760
6762
6765
6767
6768
6771
6773
6775
6777
6778
6780
6782
6785
6786
6789
6790
6792
6794
6796
6798
6800
6803
6805
6806
6809
6810
6812
6815
6817
6818
6821
6822
6824
6827
6828
6830
6833
6834
6837
6839
6841
6842
6845
6846
6848
6850
6853
6855
6856
6858
6861
6862
6865
6866
6869
6871
6873
6874
6876
6879
6880
6883
6885
6887
6889
6891
6893
6894
6897
6898
6901
6902
6905
6906
6909
6910
6912
6914
6917
6919
6920
6923
6925
6926
6929
6930
6933
6935
6937
6938
6940
6942
6945
6947
6948
6950
6953
6954
6957
6959
6961
6963
6965
6967
6968
6970
6973
6975
6977
6978
6980
6983
6985
6986
6988
6990
6993
6995
6996
6999
7000
7003
7004
7007
7008
7011
7013
7015
7016
7018
7021
7023
7025
7027
7028
7031
7032
7035
7037
7038
7041
7042
7045
7047
7049
7050
7053
7055
7056
7059
7060
7062
7064
7067
7068
7070
7073
7074
7077
7078
7081
7082
7084
7086
7089
7091
7092
7094
7097
7099
7101
7102
7105
7106
7109
7110
7112
7114
7116
7118
7120
7122
7125
7126
7129
7131
7133
7135
7137
7139
7140
7143
7145
7147
7149
7151
7152
7155
7157
7159
7160
7163
7165
7166
7169
7171
7172
7175
7177
7179
7180
7183
7185
7186
7188
7190
7193
7194
7196
7199
7200
7203
7204
7207
7208
7211
7213
7215
7216
7218
7221
7223
7224
7227
7228
7231
7232
7234
7236
7238
7240
7242
7245
7246
7249
7251
7253
7254
7256
7259
7260
7262
7264
7266
7268
7270
7272
7274
7276
7279
7280
7283
7284
7287
7288
7291
7293
7294
7297
7299
7301
7303
7305
7307
7309
7311
7312
7314
7317
7319
7321
7322
7325
7326
7329
7330
7332
7335
7336
7338
7340
7342
7344
7347
7349
7350
7352
7354
7357
7358
7361
7363
7364
7366
7368
7371
7372
7374
7376
7378
7381
7382
7385
7387
7388
7390
7393
7394
7397
7399
7401
7403
7404
7407
7408
7410
7413
7414
7416
7419
7420
7422
7425
7426
7429
7431
7433
7434
7436
7438
7440
7443
7444
7447
7449
7451
7452
7454
7457
7458
7461
7463
7465
7467
7469
7470
7473
7474
7476
7479
7480
7482
7484
7486
7488
7491
7492
7495
7497
7499
7500
7502
7505
7507
7508
7510
7513
7515
7517
7519
7521
7522
7524
7527
7528
7531
7532
7534
7537
7538
7541
7542
7544
7546
7549
7550
7552
7555
7557
7559
7560
7562
7564
7566
7568
7570
7572
7575
7577
7578
7580
7582
7584
7586
7589
7590
7593
7594
7597
7599
7600
7602
7605
7606
7608
7611
7612
7615
7617
7618
7621
7623
7624
7627
7629
7631
7633
7634
7637
7639
7641
7642
7645
7646
7648
7651
7652
7655
7656
7658
7660
7662
7665
7667
7668
7671
7673
7674
7676
7678
7680
7682
7685
7686
7689
7691
7692
7695
7696
7698
7701
7703
7704
7706
7708
7711
7713
7714
7717
7718
7721
7722
7724
7727
7728
7730
7733
7735
7737
7739
7740
7742
7745
7746
7749
7750
7753
7755
7756
7759
7761
7762
7765
7767
7769
7770
7773
7775
7776
7779
7781
7782
7785
7787
7789
7790
7793
7794
7797
7798
7800
7802
7804
7806
7809
7811
7812
7814
7816
7818
7821
7823
7824
7826
7828
7831
7833
7834
7836
7838
7840
7842
7845
7847
7848
7850
7853
7855
7856
7858
7861
7862
7864
7866
7869
7871
7872
7875
7876
7878
7881
7882
7885
7887
7889
7890
7892
7894
7896
7899
7901
7903
7905
7906
7909
7910
7912
7914
7917
7919
7920
7922
7925
7926
7928
7930
7933
7934
7936
7938
7940
7942
7944
7946
7949
7951
7953
7954
7956
7959
7960
7962
7965
7967
7969
7970
7973
7975
7977
7979
7980
7982
7985
7987
7988
7990
7993
7995
7997
7998
8001
8003
8005
8006
8009
8011
8013
8015
8016
8019
8021
8023
8024
8027
8028
8030
8033
8034
8037
8038
8041
8042
8045
8046
8048
8051
8053
8054
8056
8058
8060
8062
8065
8067
8069
8071
8072
8074
8076
8079
8080
8082
8085
8087
8088
8090
8093
8095
8097
8098
8100
8102
8104
8107
8109
8111
8113
8114
8116
8119
8120
8123
8124
8126
8128
8131
8132
8135
8137
8139
8141
8143
8145
8146
8149
8151
8152
8154
8157
8159
8161
8162
8165
8166
8168
8171
8173
8174
8176
8179
8181
8183
8185
8187
8188
8191
8193
8195
8197
8198
8201
8203
8205
8207
8209
8211
8213
8215
8217
8218
8220
8222
8225
8226
8229
8230
8233
8234
8237
8238
8240
8242
8245
8246
8249
8251
8252
8255
8256
8258
8261
8263
8264
8266
8269
8271
8272
8275
8277
8278
8281
8283
8285
8287
8289
8290
8293
8295
8297
8299
8300
8302
8305
8306
8308
8310
8312
8315
8317
8319
8320
8322
8324
8327
8328
8331
8333
8334
8336
8339
8341
8342
8344
8346
8349
8350
8353
8355
8356
8359
8360
8363
8365
8366
8369
8371
8372
8374
8377
8379
8381
8383
8385
8386
8388
8391
8392
8395
8397
8398
8401
8402
8404
8406
8408
8411
8413
8414
8416
8418
8421
8423
8425
8427
8429
8431
8432
8434
8437
8438
8440
8442
8445
8446
8449
8450
8453
8455
8457
8459
8461
8462
8465
8466
8468
8471
8472
8474
8477
8479
8481
8482
8485
8486
8489
8490
8492
8495
8496
8498
8501
8503
8505
8507
8509
8510
8513
8514
8516
8519
8520
8523
8525
8527
8529
8530
8532
8535
8537
8538
8540
8542
8545
8546
8548
8550
8552
8554
8557
8558
8561
8562
8565
8566
8569
8571
8573
8574
8576
8578
8580
8583
8584
8587
8588
8590
8592
8595
8597
8598
8601
8602
8605
8606
8608
8611
8613
8614
8616
8618
8621
8622
8624
8627
8628
8630
8633
8635
8637
8638
8641
8642
8645
8647
8648
8650
8653
8654
8657
8659
8660
8662
8664
8667
8668
8670
8672
8675
8677
8679
8681
8683
8685
8687
8689
8691
8693
8694
8697
8699
8700
8702
8705
8706
8708
8711
8712
8714
8716
8718
8721
8722
8724
8726
8729
8730
8733
8734
8736
8738
8740
8743
8745
8747
8748
8751
8753
8754
8757
8759
8760
8763
8765
8767
8769
8770
8772
8774
8776
8778
8781
8782
8785
8786
8788
8790
8793
8795
8797
8799
8800
8802
8805
8806
8809
8811
8812
8815
8816
8818
8821
8822
8824
8826
8829
8830
8833
8834
8836
8839
8841
8843
8844
8847
8848
8850
8852
8854
8857
8858
8861
8863
8864
8866
8868
8871
8872
8875
8876
8879
8881
8882
8885
8886
8889
8891
8892
8895
8896
8899
8900
8903
8904
8907
8908
8910
8912
8915
8917
8918
8920
8922
8925
8926
8929
8931
8933
8935
8937
8938
8941
8942
8945
8947
8948
8950
8952
8954
8956
8959
8961
8963
8965
8966
8969
8971
8973
8974
8976
8978
8980
8983
8985
8987
8989
8990
8992
8994
8997
8999
9001
9003
9004
9007
9009
9011
9013
9015
9016
9019
9020
9022
9024
9026
9029
9031
9033
9034
9036
9039
9040
9042
9044
9047
9048
9051
9052
9054
9057
9059
9060
9063
9065
9066
9068
9071
9072
9075
9076
9079
9081
9083
9084
9087
9088
9090
9092
9095
9097
9098
9100
9103
9105
9107
9109
9110
9112
9115
9117
9119
9121
9123
9125
9127
9129
9130
9133
9134
9136
9138
9141
9142
9145
9146
9149
9150
9153
9154
9157
9158
9161
9162
9164
9166
9169
9171
9172
9174
9176
9178
9181
9183
9185
9186
9189
9191
9193
9194
9197
9198
9200
9202
9204
9207
9209
9211
9212
9214
9217
9219
9221
9222
9225
9226
9228
9230
9233
9234
9236
9239
9241
9242
9244
9247
9248
9250
9252
9255
9256
9258
9261
9263
9265
9266
9269
9270
9273
9274
9277
9278
9281
9282
9285
9287
9288
9290
9292
9294
9296
9299
9301
9303
9305
9307
9308
9310
9312
9314
9316
9319
9321
9322
9325
9327
9328
9331
9332
9334
9336
9338
9340
9343
9344
9346
9349
9351
9352
9354
9357
9359
9360
9362
9365
9366
9368
9370
9372
9374
9376
9379
9381
9382
9385
9386
9388
9390
9392
9394
9396
9398
9401
9403
9405
9406
9408
9411
9412
9414
9416
9418
9420
9422
9424
9426
9429
9430
9432
9434
9437
9439
9440
9443
9445
9446
9449
9451
9452
9454
9457
9458
9460
9462
9464
9466
9469
9470
9473
9474
9476
9478
9480
9482
9484
9487
9489
9490
9493
9495
9497
9499
9500
9502
9505
9507
9508
9511
9513
9515
9516
9519
9521
9523
9524
9527
9528
9530
9533
9534
9536
9538
9541
9542
9544
9546
9549
9551
9552
9555
9557
9558
9561
9562
9564
9567
9568
9570
9572
9574
9576
9578
9581
9583
9584
9587
9588
9591
9593
9594
9596
9599
9600
9602
9605
9607
9609
9610
9613
9614
9617
9618
9620
9622
9625
9627
9629
9630
9632
9634
9637
9639
9641
9643
9644
9646
9648
9650
9653
9655
9657
9658
9661
9663
9664
9667
9668
9670
9673
9674
9676
9679
9680
9683
9685
9686
9689
9690
9693
9695
9696
9699
9701
9703
9705
9707
9708
9710
9712
9714
9717
9718
9720
9722
9725
9727
9729
9731
9732
9735
9737
9738
9740
9742
9744
9746
9749
9751
9752
9755
9757
9759
9760
9762
9765
9767
9769
9770
9773
9775
9777
9778
9781
9782
9784
9786
9789
9790
9793
9795
9796
9799
9801
9802
9805
9806
9809
9810
9812
9815
9816
9819
9820
9822
9824
9826
9828
9830
9832
9835
9836
9838
9840
9842
9845
9847
9848
9850
9852
9855
9856
9859
9860
9863
9864
9866
9869
9870
9873
9875
9877
9879
9880
9882
9884
9887
9889
9890
9893
9894
9897
9898
9901
9903
9904
9907
9909
9911
9913
9915
9917
9919
9921
9923
9924
9927
9928
9930
9933
9935
9936
9939
9941
9943
9945
9947
9949
9951
9953
9954
9956
9958
9960
9963
9964
9966
9968
9971
9972
9974
9977
9979
9981
9982
9985
9986
9989
9991
9993
9995
9996
9999
10001
10002
10005
10006
10008
10010
10012
10015
10017
10019
10020
10022
10025
10026
10028
10030
10033
10034
10036
10038
10041
10042
10044
10047
10048
10051
10053
10054
10056
10058
10061
10063
10064
10067
10068
10070
10072
10075
10077
10078
10081
10082
10084
10086
10088
10090
10093
10095
10096
10098
10100
10103
10105
10107
10108
10111
10113
10115
10117
10119
10120
10122
10125
10126
10129
10130
10133
10135
10137
10139
10140
10143
10145
10147
10149
10150
10153
10154
10156
10159
10160
10162
10165
10166
10168
10170
10173
10174
10176
10178
10181
10182
10185
10187
10188
10190
10193
10195
10196
10198
10201
10202
10205
10207
10209
10211
10212
10214
10217
10219
10220
10222
10225
10226
10229
10231
10232
10235
10236
10238
10240
10243
10245
10247
10249
10250
10252
10255
10257
10259
10260
10262
10265
10266
10269
10270
10272
10274
10276
10279
10281
10282
10285
10286
10289
10290
10293
10294
10296
10298
10300
10302
10305
10306
10309
10311
10312
10315
10317
10319
10321
10322
10325
10326
10329
10331
10332
10334
10336
10338
10341
10343
10344
10347
10348
10351
10353
10355
10357
10358
10361
10363
10365
10367
10368
10370
10373
10375
10376
10379
10380
10383
10384
10386
10389
10391
10392
10394
10396
10399
10401
10402
10404
10406
10409
10410
10412
10415
10417
10418
10421
10423
10424
10427
10429
10431
10433
10435
10437
10438
10441
10442
10444
10446
10449
10451
10453
10455
10456
10458
10460
10463
10464
10467
10469
10471
10473
10474
10476
10479
10480
10483
10484
10487
10488
10491
10493
10494
10497
10499
10500
10503
10504
10507
10509
10511
10512
10514
10516
10518
10521
10522
10525
10527
10528
10530
10532
10534
10537
10539
10540
10543
10544
10546
10549
10551
10553
10554
10557
10559
10561
10563
10565
10566
10569
10571
10573
10574
10576
10578
10581
10582
10585
10586
10589
10591
10593
10595
10597
10599
10600
10603
10605
10607
10608
10610
10612
10614
10617
10619
10621
10622
10625
10626
10628
10630
10633
10634
10637
10639
10641
10642
10644
10646
10649
10651
10653
10654
10657
10659
10661
10663
10665
10667
10669
10670
10673
10675
10677
10678
10680
10683
10684
10687
10688
10691
10693
10695
10696
10698
10701
10702
10704
10706
10708
10711
10712
10714
10716
10719
10721
10722
10724
10726
10729
10730
10733
10734
10736
10738
10741
10742
10744
10746
10748
10750
10752
10754
10757
10758
10760
10762
10765
10766
10768
10770
10773
10774
10776
10778
10780
10783
10784
10786
10789
10790
10792
10795
10797
10798
10800
10803
10804
10807
10808
10810
10812
10815
10817
10819
10820
10823
10824
10827
10828
10831
10833
10834
10836
10839
10840
10842
10844
10846
10848
10850
10852
10855
10856
10859
10861
10863
10865
10867
10869
10871
10872
10875
10877
10879
10880
10883
10884
10887
10888
10890
10892
10894
10897
10899
10901
10902
10904
10907
10909
10910
10912
10915
10916
10918
10921
10923
10924
10926
10928
10931
10933
10935
10937
10938
10941
10943
10945
10946
10948
10951
10953
10954
10957
10959
10961
10963
10964
10966
10969
10970
10973
10975
10977
10979
10981
10983
10985
10987
10988
10991
10992
10994
10997
10998
11000
11003
11005
11007
11008
11010
11013
11014
11016
11019
11021
11023
11025
11027
11029
11031
11033
11034
11036
11039
11040
11043
11045
11047
11048
11050
11052
11055
11057
11058
11060
11062
11065
11067
11069
11071
11072
11075
11076
11078
11080
11082
11085
11086
11089
11090
11093
11094
11096
11098
11100
11103
11105
11107
11109
11111
11113
11114
11117
11118
11121
11122
11124
11127
11129
11131
11133
11134
11136
11139
11140
11143
11145
11146
11149
11150
11152
11155
11156
11158
11160
11162
11164
11166
11169
11170
11173
11175
11177
11178
11180
11183
11185
11187
11188
11190
11193
11195
11197
11199
11201
11203
11204
11206
11208
11210
11212
11215
11217
11219
11221
11222
11224
11226
11229
11230
11232
11234
11236
11239
11240
11242
11244
11246
11248
11251
11252
11254
11256
11259
11261
11262
11265
11267
11268
11270
11273
11274
11277
11279
11281
11283
11285
11286
11288
11290
11293
11295
11297
11299
11300
11302
11305
11306
11308
11311
11312
11314
11317
11318
11320
11322
11325
11326
11329
11330
11333
11335
11337
11338
11340
11343
11345
11347
11348
11350
11352
11355
11357
11358
11360
11363
11365
11366
11369
11370
11372
11375
11376
11379
11380
11383
11385
11386
11388
11390
11392
11394
11396
11398
11400
11403
11405
11407
11409
11410
11413
11415
11416
11419
11421
11422
11425
11427
11428
11431
11433
11435
11437
11438
11441
11443
11445
11447
11448
11451
11453
11454
11456
11459
11461
11463
11465
11467
11468
11471
11473
11475
11476
11478
11481
11482
11485
11486
11489
11491
11493
11494
11497
11499
11500
11502
11505
11507
11509
11511
11513
11514
11517
11518
11521
11522
11525
11527
11529
11530
11532
11535
11536
11538
11540
11543
11544
11547
11549
11550
11552
11554
11557
11558
11561
11562
11564
11567
11569
11571
11572
11574
11576
11578
11580
11582
11584
11586
11588
11590
11593
11594
11596
11599
11601
11602
11605
11606
11608
11611
11613
11615
11617
11619
11621
11622
11624
11627
11629
11630
11633
11634
11637
11638
11641
11643
11644
11647
11649
11651
11653
11654
11656
11659
11661
11662
11664
11666
11669
11671
11672
11675
11677
11678
11681
11683
11685
11687
11689
11691
11693
11695
11696
11699
11700
11702
11704
11706
11709
11711
11713
11715
11716
11719
11721
11722
11725
11727
11729
11730
11732
11734
11736
11738
11741
11742
11745
11747
11749
11750
11753
11755
11757
11758
11761
11762
11764
11766
11768
11770
11772
11775
11776
11778
11780
11783
11785
11787
11789
11790
11792
11794
11797
11799
11801
11802
11805
11806
11809
11810
11812
11814
11816
11818
11820
11823
11824
11826
11828
11830
11833
11835
11837
11839
11841
11842
11844
11846
11848
11851
11852
11855
11857
11859
11860
11862
11864
11867
11868
11871
11872
11874
11877
11878
11881
11882
11884
11887
11889
11890
11892
11894
11897
11898
11901
11903
11904
11906
11909
11910
11913
11914
11917
11919
11921
11923
11924
11927
11928
11931
11932
11935
11937
11939
11940
11943
11945
11946
11949
11951
11952
11955
11956
11958
11961
11962
11964
11967
11969
11970
11973
11975
11976
11979
11981
11983
11984
11987
11988
11990
11992
11995
11997
11999
12001
12002
12005
12006
12009
12010
12013
12014
12016
12019
12020
12023
12024
12026
12028
12031
12033
12035
12036
12038
12040
12043
12045
12047
12049
12051
12052
12054
12057
12058
12060
12063
12065
12066
12068
12071
12072
12075
12077
12078
12080
12083
12084
12086
12088
12090
12092
12095
12097
12098
12101
12102
12104
12106
12109
12111
12113
12114
12116
12118
12120
12122
12125
12126
12129
12131
12132
12135
12137
12139
12140
12142
12144
12146
12149
12151
12153
12154
12156
12159
12160
12162
12164
12166
12168
12170
12172
12175
12177
12178
12180
12183
12185
12187
12188
12190
12192
12194
12196
12198
12200
12203
12205
12207
12209
12210
12213
12215
12217
12219
12220
12222
12224
12227
12229
12231
12232
12235
12236
12239
12240
12243
12245
12246
12249
12251
12253
12255
12256
12259
12260
12262
12265
12267
12269
12270
12272
12275
12277
12278
12280
12282
12285
12286
12289
12291
12293
12294
12296
12299
12300
12303
12304
12306
12308
12310
12313
12314
12316
12318
12320
12323
12324
12327
12329
12331
12333
12335
12337
12338
12341
12343
12344
12347
12349
12350
12353
12355
12356
12359
12361
12363
12365
12366
12368
12371
12372
12375
12377
12379
12380
12382
12384
12387
12389
12390
12392
12394
12397
12398
12400
12402
12404
12406
12408
12410
12412
12414
12417
12418
12420
12423
12425
12426
12428
12431
12432
12434
12437
12439
12441
12442
12444
12447
12448
12450
12452
12455
12457
12458
12461
12463
12465
12466
12468
12471
12472
12475
12477
12478
12481
12483
12484
12487
12489
12490
12493
12494
12496
12499
12501
12503
12504
12506
12508
12511
12512
12514
12516
12518
12520
12523
12524
12527
12528
12531
12533
12534
12536
12538
12540
12542
12544
12546
12548
12551
12552
12554
12556
12558
12560
12562
12564
12566
12569
12571
12572
12574
12577
12578
12580
12583
12584
12587
12588
12591
12593
12595
12597
12598
12600
12602
12604
12606
12609
12611
12613
12614
12617
12619
12621
12623
12625
12627
12629
12631
12633
12634
12637
12639
12640
12642
12644
12646
12648
12650
12653
12654
12656
12659
12660
12663
12665
12666
12669
12671
12673
12675
12677
12679
12680
12683
12684
12686
12688
12691
12692
12695
12697
12699
12700
12702
12705
12707
12708
12710
12712
12714
12717
12718
12720
12723
12725
12726
12728
12731
12733
12735
12736
12739
12740
12742
12745
12747
12749
12751
12752
12755
12756
12758
12761
12763
12765
12767
12769
12771
12772
12774
12776
12778
12780
12783
12785
12787
12789
12791
12793
12795
12797
12798
12801
12802
12804
12806
12809
12811
12812
12815
12817
12819
12821
12823
12824
12826
12828
12831
12833
12835
12836
12838
12840
12842
12844
12846
12849
12851
12853
12854
12856
12858
12860
12862
12865
12867
12869
12871
12873
12875
12876
12878
12881
12882
12885
12887
12888
12891
12892
12894
12897
12899
12901
12903
12904
12906
12908
12910
12912
12915
12916
12918
12921
12923
12924
12926
12929
12931
12933
12935
12937
12939
12940
12942
12944
12946
12949
12951
12953
12954
12957
12959
12960
12963
12965
12966
12968
12971
12973
12974
12977
12978
12980
12983
12984
12986
12989
12991
12993
12995
12997
12998
13000
13003
13004
13006
13009
13010
13013
13015
13016
13018
13020
13022
13025
13027
13028
13031
13033
13035
13037
13039
13040
13042
13044
13046
13049
13050
13053
13054
13056
13059
13061
13062
13065
13066
13069
13071
13072
13074
13077
13079
13080
13082
13085
13086
13088
13091
13093
13094
13097
13098
13100
13102
13105
13106
13108
13111
13112
13114
13117
13118
13120
13123
13125
13126
13129
13130
13133
13134
13136
13139
13140
13143
13145
13147
13149
13150
13153
13154
13157
13159
13160
13162
13165
13167
13169
13171
13172
13175
13177
13178
13180
13183
13184
13187
13189
13191
13193
13194
13196
13198
13200
13202
13205
13206
13209
13210
13212
13214
13217
13218
13221
13222
13224
13227
13228
13230
13233
13234
13237
13239
13241
13243
13244
13246
13248
13250
13252
13255
13257
13259
13260
13263
13265
13267
13269
13270
13273
13275
13276
13278
13281
13283
13284
13286
13288
13290
13292
13294
13297
13299
13301
13303
13305
13306
13308
13310
13313
13315
13316
13319
13321
13322
13324
13327
13329
13330
13332
13335
13337
13339
13340
13342
13344
13346
13349
13351
13353
13354
13357
13358
13360
13362
13364
13366
13369
13370
13372
13375
13377
13378
13381
13383
13384
13386
13388
13391
13392
13394
13396
13399
13401
13403
13405
13407
13408
13410
13412
13414
13416
13419
13420
13422
13424
13427
13429
13431
13432
13434
13437
13439
13440
13442
13445
13447
13449
13451
13452
13455
13457
13458
13460
13462
13464
13466
13468
13471
13472
13474
13477
13479
13481
13483
13484
13486
13488
13491
13493
13495
13496
13498
13501
13502
13505
13507
13509
13510
13513
13515
13517
13518
13521
13522
13524
13526
13528
13531
13532
13535
13537
13539
13540
13542
13544
13546
13549
13551
13552
13555
13557
13558
13560
13563
13564
13567
13569
13571
13573
13574
13576
13578
13581
13582
13584
13586
13589
13591
13592
13595
13596
13599
13601
13602
13604
13606
13608
13610
13612
13615
13617
13618
13620
13622
13624
13626
13629
13630
13633
13634
13636
13638
13641
13643
13645
13647
13648
13651
13652
13655
13657
13658
13661
13663
13665
13667
13668
13670
13673
13674
13677
13679
13681
13683
13684
13687
13689
13691
13692
13694
13697
13699
13701
13702
13704
13707
13708
13711
13713
13715
13716
13718
13720
13722
13725
13726
13728
13731
13732
13734
13736
13738
13740
13742
13744
13747
13749
13751
13752
13754
13756
13759
13761
13762
13765
13766
13769
13771
13772
13774
13776
13778
13780
13783
13784
13787
13788
13790
13792
13795
13796
13798
13800
13802
13804
13806
13809
13811
13813
13814
13816
13818
13820
13823
13825
13827
13828
13830
13832
13834
13836
13838
13840
13843
13845
13847
13848
13851
13852
13855
13857
13859
13861
13862
13864
13866
13869
13871
13872
13874
13876
13878
13881
13882
13884
13887
13889
13890
13893
13894
13896
13899
13901
13903
13904
13906
13908
13911
13913
13915
13917
13919
13920
13922
13924
13927
13928
13930
13932
13934
13937
13939
13940
13942
13944
13947
13949
13951
13952
13954
13957
13958
13960
13962
13964
13967
13968
13970
13972
13974
13977
13979
13981
13982
13985
13987
13988
13991
13993
13995
13997
13998
14000
14002
14004
14007
14008
14010
14012
14014
14017
14018
14021
14023
14025
14027
14029
14031
14032
14034
14037
14038
14040
14042
14045
14046
14049
14051
14052
14054
14056
14059
14060
14063
14065
14066
14069
14070
14072
14075
14076
14078
14081
14083
14084
14086
14088
14091
14092
14094
14096
14098
14101
14102
14105
14107
14108
14111
14113
14114
14116
14119
14121
14123
14125
14126
14129
14131
14133
14135
14137
14138
14140
14143
14144
14147
14148
14150
14153
14155
14156
14158
14160
14163
14164
14167
14168
14171
14173
14175
14176
14178
14181
14182
14185
14187
14188
14191
14192
14195
14197
14198
14200
14202
14204
14206
14209
14210
14212
14214
14216
14218
14221
14223
14225
14227
14229
14231
14232
14235
14236
14239
14240
14242
14245
14246
14248
14250
14252
14255
14257
14259
14260
14263
14265
14267
14269
14270
14272
14274
14276
14278
14280
14282
14285
14287
14288
14290
14293
14295
14297
14299
14300
14302
14305
14306
14308
14311
14312
14314
14316
14319
14321
14323
14324
14326
14329
14330
14332
14335
14337
14338
14340
14342
14345
14346
14348
14351
14352
14355
14357
14359
14360
14363
14365
14366
14369
14371
14372
14375
14376
14378
14380
14383
14385
14386
14388
14390
14393
14395
14397
14399
14400
14403
14404
14406
14408
14410
14412
14414
14417
14418
14420
14423
14425
14426
14428
14431
14432
14434
14437
14438
14440
14442
14445
14447
14448
14451
14452
14455
14456
14458
14461
14462
14464
14467
14468
14470
14472
14475
14476
14478
14481
14483
14484
14486
14488
14490
14493
14495
14497
14499
14500
14502
14504
14507
14508
14511
14512
14514
14517
14518
14521
14522
14524
14526
14528
14531
14533
14535
14537
14538
14540
14542
14544
14547
14549
14551
14553
14554
14556
14559
14560
14562
14564
14567
14569
14571
14573
14574
14577
14579
14581
14583
14585
14587
14588
14591
14592
14594
14596
14599
14600
14603
14605
14606
14608
14610
14613
14615
14617
14618
14620
14623
14625
14627
14629
14630
14633
14634
14636
14638
14641
14643
14645
14647
14648
14650
14653
14655
14657
14658
14660
14662
14664
14667
14669
14670
14673
14675
14676
14679
14680
14683
14685
14687
14688
14690
14692
14694
14697
14698
14701
14703
14705
14706
14708
14710
14713
14714
14717
14719
14721
14723
14725
14726
14728
14730
14732
14734
14737
14739
14741
14742
14744
14746
14748
14750
14753
14755
14757
14758
14761
14763
14764
14767
14768
14771
14773
14775
14776
14778
14780
14783
14785
14786
14789
14791
14792
14794
14797
14798
14801
14803
14804
14806
14809
14810
14813
14814
14817
14819
14821
14822
14825
14826
14829
14831
14833
14834
14836
14839
14840
14842
14845
14847
14849
14851
14852
14854
14856
14858
14861
14862
14864
14867
14868
14871
14873
14874
14876
14879
14880
14883
14884
14886
14888
14891
14893
14895
14897
14899
14900
14902
14904
14906
14909
14910
14912
14915
14917
14919
14921
14922
14924
14926
14929
14930
14933
14935
14937
14939
14940
14943
14944
14946
14948
14951
14952
14955
14957
14958
14961
14962
14964
14967
14968
14970
14973
14975
14976
14979
14981
14982
14984
14986
14988
14990
14993
14994
14997
14999
15001
15003
15005
15006
15009
15011
15012
15014
15016
15019
15020
15023
15024
15026
15028
15030
15033
15034
15037
15038
15041
15042
15045
15047
15049
15051
15053
15055
15056
15058
15061
15062
15065
15067
15068
15070
15073
15074
15077
15078
15081
15083
15084
15087
15088
15091
15092
15095
15097
15098
15101
15103
15104
15107
15109
15110
15112
15114
15117
15118
15121
15123
15124
15127
15128
15131
15133
15135
15137
15139
15140
15143
15144
15146
15149
15150
15152
15155
15156
15159
15160
15163
15165
15166
15168
15170
15173
15174
15176
15178
15180
15183
15185
15186
15188
15191
15192
15194
15196
15199
15200
15202
15204
15206
15208
15211
15213
15214
15217
15219
15221
15222
15225
15226
15228
15231
15233
15234
15237
15239
15240
15242
15245
15247
15248
15251
15252
15254
15256
15258
15261
15262
15265
15266
15269
15271
15272
15275
15277
15279
15280
15283
15284
15287
15288
15291
15293
15294
15297
15298
15300
15302
15305
15306
15309
15310
15312
15315
15316
15319
15321
15322
15325
15327
15328
15331
15333
15335
15337
15339
15340
15342
15345
15347
15349
15350
15353
15355
15357
15359
15360
15363
15364
15366
15369
15370
15373
15375
15377
15379
15380
15382
15384
15387
15388
15391
15392
15395
15396
15398
15401
15403
15405
15407
15408
15411
15413
15415
15416
15419
15421
15423
15424
15426
15428
15430
15433
15434
15437
15439
15440
15442
15445
15447
15448
15451
15453
15454
15456
15458
15461
15463
15464
15467
15469
15470
15473
15475
15476
15478
15481
15483
15485
15486
15489
15490
15492
15495
15496
15498
15501
15503
15505
15507
15508
15511
15513
15514
15516
15519
15520
15523
15525
15526
15528
15530
15533
15534
15537
15539
15541
15543
15545
15546
15548
15551
15553
15554
15556
15559
15561
15563
15565
15566
15568
15570
15572
15575
15577
15579
15580
15582
15585
15586
15588
15590
15592
15594
15596
15598
15600
15603
15604
15607
15608
15610
15612
15615
15616
15619
15620
15622
15625
15626
15628
15630
15632
15634
15637
15639
15641
15643
15644
15646
15648
15651
15653
15654
15656
15658
15661
15663
15664
15667
15668
15670
15673
15675
15677
15678
15680
15683
15685
15687
15688
15690
15693
15695
15696
15698
15701
15702
15705
15706
15708
15711
15713
15714
15717
15719
15720
15722
15725
15727
15728
15730
15733
15734
15736
15739
15741
15742
15744
15746
15749
15751
15753
15754
15757
15759
15760
15762
15765
15766
15769
15770
15773
15774
15776
15779
15780
15783
15784
15786
15788
15791
15792
15794
15797
15798
15800
15802
15805
15807
15808
15811
15812
15814
15817
15819
15820
15822
15824
15827
15829
15830
15832
15835
15836
15838
15841
15842
15844
15846
15848
15851
15853
15855
15856
15859
15861
15862
15864
15867
15869
15870
15873
15875
15876
15879
15881
15882
15885
15886
15889
15891
15893
15894
15897
15899
15900
15903
15904
15906
15909
15911
15912
15915
15917
15919
15920
15923
15925
15927
15929
15930
15933
15935
15937
15939
15940
15942
15944
15947
15949
15951
15953
15954
15956
15959
15960
15962
15964
15966
15968
15970
15973
15974
15976
15979
15980
15982
15984
15986
15989
15991
15992
15995
15996
15998
16000
16002
16004
16007
16008
16011
16012
16015
16017
16018
16021
16023
16025
16027
16029
16031
16032
16035
16037
16039
16040
16042
16044
16046
16048
16051
16052
16055
16056
16059
16060
16062
16065
16067
16068
16071
16073
16075
16077
16079
16080
16083
16085
16087
16088
16090
16092
16094
16096
16099
16100
16103
16104
16106
16108
16111
16113
16115
16117
16119
16121
16122
16124
16127
16129
16131
16132
16135
16137
16139
16141
16142
16144
16146
16149
16150
16153
16155
16156
16159
16161
16162
16165
16167
16169
16170
16172
16174
16176
16179
16181
16182
16185
16186
16189
16190
16192
16194
16196
16199
16201
16202
16205
16207
16209
16211
16212
16215
16217
16219
16220
16222
16224
16226
16228
16230
16232
16234
16237
16239
16241
16243
16244
16246
16249
16251
16252
16254
16257
16258
16261
16262
16265
16267
16268
16270
16272
16274
16277
16278
16281
16282
16284
16286
16288
16290
16292
16295
16296
16298
16300
16303
16305
16307
16309
16310
16313
16314
16316
16318
16320
16322
16325
16327
16328
16330
16332
16334
16337
16339
16340
16343
16344
16346
16348
16351
16353
16355
16356
16359
16360
16362
16364
16367
16369
16370
16372
16374
16377
16378
16381
16383
